4294967279,108
4294967279,107
4294967279,106
4294967279,105
4294967279,104
4294967279,103
4294967279,102
4294967279,130
4294967279,129
4294967279,128
4294967279,127
4294967279,126
4294967279,125
4294967279,124
4294967279,123
4294967279,122
4294967279,121
4294967279,120
4294967279,119
4294967279,118
4294967279,117
4294967279,116
4294967279,115
4294967279,114
4294967279,113
4294967279,112
4294967279,111
4294967279,110
4294967279,109
4294967278,217
4294967278,215
4294967294,426
4294967278,212
4294967278,365
4294967278,50
4294967278,49
4294967278,48
4294967278,47
4294967278,46
4294967278,43
4294967278,41
4294967278,39
4294967278,38
4294967278,37
4294967278,288
4294967278,35
4294967278,34
4294967278,317
4294967278,33
4294967278,32
4294967278,31
4294967278,30
4294967278,29
4294967278,28
4294967278,27
4294967278,26
4294967278,137
4294967278,25
4294967278,314
4294967278,24
4294967278,275
4294967278,23
4294967278,313
4294967278,22
4294967278,21
4294967278,284
4294967278,20
4294967278,19
4294967278,18
4294967278,17
4294967278,16
4294967278,15
4294967278,14
4294967278,13
4294967278,285
4294967278,12
4294967278,11
4294967278,10
4294967278,262
4294967278,9
4294967278,8
4294967278,7
4294967278,6
4294967278,5
4294967278,4
4294967279,132
4294967279,257
4294967279,131
4294967279,64
4294967279,60
4294967279,58
4294967279,56
4294967279,51
4294967279,49
4294967279,43
4294967279,39
4294967279,37
4294967279,36
4294967279,33
4294967279,27
4294967279,25
4294967279,22
4294967279,20
4294967279,18
4294967279,16
4294967279,15
4294967278,337
4294967294,127
4294967294,126
4294967294,20
4294967294,13
4294967294,11
4294967278,364
4294967278,335
4294967278,363
4294967278,198
4294967279,432
4294967278,196
4294967278,195
49,5
49,4
49,3
49,2
49,1
4294967278,362
4294967278,333
4294967278,332
4294967278,188
4294967278,187
4294967278,297
4294967278,180
48,8
48,7
48,6
48,5
48,4
48,3
48,2
48,1
4294967278,361
4294967278,329
4294967279,407
4294967278,328
4294967279,65
4294967279,406
4294967279,178
4294967294,38
4294967294,37
4294967294,36
4294967294,39
4294967279,63
4294967279,405
4294967278,292
4294967279,176
4294967279,61
4294967279,303
4294967278,291
4294967278,171
4294967279,172
4294967278,168
47,5
4294967279,171
47,4
4294967278,169
47,3
47,2
47,1
4294967279,170
4294967294,40
4294967278,326
4294967279,55
4294967279,301
4294967278,325
4294967279,54
4294967279,300
4294967278,324
4294967278,164
4294967294,922
4294967279,165
4294967279,299
4294967278,163
4294967278,360
4294967278,51
4294967279,164
4294967278,162
4294967278,161
4294967279,162
4294967279,160
4294967278,160
46,4
4294967279,161
46,3
46,2
46,1
4294967278,159
4294967279,296
4294967278,36
4294967278,359
4294967278,45
4294967279,45
4294967279,157
4294967278,44
4294967278,289
4294967279,295
4294967278,155
4294967279,155
4294967294,388
4294967294,387
4294967278,148
4294967278,42
4294967278,154
4294967278,320
4294967279,154
4294967278,153
4294967279,153
4294967278,358
4294967278,40
4294967279,40
4294967279,294
4294967279,151
45,4
45,3
45,2
45,1
4294967278,357
4294967279,149
4294967279,35
4294967279,292
4294967278,356
4294967279,399
4294967279,145
4294967279,32
4294967279,144
4294967279,397
4294967278,355
4294967279,143
4294967279,30
4294967279,290
4294967278,354
4294967279,140
4294967279,14
4294967279,24
4294967279,277
4294967279,23
4294967279,276
4294967279,133
4294967294,409
4294967294,396
4294967294,395
4294967294,385
4294967294,178
4294967294,953
4294967294,183
4294967294,954
4294967294,403
4294967294,914
4294967294,524
4294967294,457
4294967294,184
4294967294,108
4294967279,395
4294967279,283
4294967279,273
4294967279,269
4294967279,272
4294967279,271
4294967279,270
4294967279,13
4294967279,268
4294967279,282
4294967278,353
4294967279,11
4294967279,286
4294967279,265
4294967279,264
4294967279,391
4294967279,263
4294967278,352
4294967279,431
4294967279,284
4294967279,259
4294967279,258
4294967279,430
4294967278,308
4294967278,351
4294967278,256
4294967278,350
4294967279,429
4294967278,305
4294967278,349
4294967278,348
4294967279,428
4294967278,304
4294967278,254
4294967278,252
41,4
4294967278,253
41,3
41,2
41,1
4294967278,347
4294967294,186
4294967278,251
4294967278,249
4294967294,50
4294967278,247
4294967278,245
4294967278,242
4294967278,240
4294967278,241
4294967278,238
4294967278,237
4294967278,236
40,4
40,3
40,2
40,1
4294967278,234
4294967278,230
4294967278,227
4294967278,224
4294967278,222
4294967278,220
4294967278,218
